    873 35
    981 36
   1091 37
   1130 38
   1196 39
   1327 40
   1329 42
   1353 41
   1392 43
   1485 44
   1532 45
   1579 46
   1679 47
   1846 48
   2035 49
   2174 50
   2302 51
   2464 52
   2639 53
   2709 54
   2948 55
   3279 56
   3415 57
   3672 58
   4111 59
   4388 60
   4656 61
   4845 62
   5330 63
   5639 64
   5731 65
   5958 66
   6632 67
   6868 68
   7161 69
   7616 70
   7944 71
   8412 72
   8867 73
   9205 74
   9437 75
   9833 76
  10374 77
  10698 78
  10838 79
  11194 80
  11752 81
  11785 82
  12171 83
  12745 84
  13231 85
  13594 86
  13933 87
  14427 88
  14561 89
  15069 90
  15595 92
  15936 91
  16197 93
  16707 94
  17962 95
  25849 96
  29406 99
  52602 97
 173175 98
 247703 100
7896745 101
