   5600 46
   5693 44
   5725 43
   5764 47
   5765 45
   5904 48
   6005 50
   6141 49
   6188 42
   6204 51
   6350 41
   6422 52
   6458 53
   6597 54
   6679 40
   6791 39
   7010 55
   7360 56
   7563 57
   7727 38
   8164 58
   8359 37
   8471 59
   8763 36
   8820 60
   9070 35
   9301 61
   9501 62
  10043 63
  10074 64
  10375 65
  10447 66
  11004 68
  11030 67
  11418 69
  11761 70
  12258 71
  12443 73
  12475 72
  12796 74
  12974 75
  13171 76
  13618 78
  13727 79
  14088 77
  14244 80
  14423 81
  14581 82
  14941 83
  15505 84
  15968 85
  16311 86
  16794 87
  17150 88
  17340 89
  17978 90
  18448 92
  18747 91
  19033 93
  19491 94
  21433 95
  31139 96
  64583 99
  66513 97
 225277 98
 468720 100
7322596 101
