   1264 35
   1293 36
   1468 37
   1603 38
   1701 39
   1868 40
   1971 41
   2125 42
   2162 43
   2272 44
   2411 45
   2709 46
   2848 47
   3158 48
   3512 49
   3855 50
   3966 51
   4373 52
   4611 53
   4840 54
   5269 55
   5625 56
   5966 57
   6420 58
   7130 59
   7544 60
   8075 61
   8616 62
   8903 63
   9417 64
   9718 65
   9972 66
  10732 67
  10960 68
  11705 69
  12217 70
  12477 71
  13138 72
  13746 73
  14096 74
  14494 75
  14819 76
  15415 77
  15623 78
  15981 79
  16237 80
  16853 81
  17048 82
  17455 83
  18037 84
  18354 85
  18917 86
  19095 87
  19782 89
  19823 88
  20296 90
  20738 92
  21286 93
  21292 91
  21900 94
  22997 95
  25303 99
  29688 96
  55410 97
 170526 98
 218394 100
7521642 101
